http://jsfiddle.net/hemantr/YRNHP/25/
https://google-developers.appspot.com/maps/documentation/utils/geojson/

{
  "type": "FeatureCollection",
  "features": [
    {
      "type": "Feature",
      "geometry": {
        "type": "Polygon",
        "coordinates": [
          [
            [
              69.0933609008789,
              22.105998799750576
            ],
            [
              69.27188873291016,
              21.917567172190736
            ],
            [
              69.4778823852539,
              21.744193617836547
            ],
            [
              69.81159210205078,
              21.43517349234091
            ],
            [
              70.10135650634766,
              21.115249309963794
            ],
            [
              70.5490493774414,
              20.797201434307
            ],
            [
              70.7468032836914,
              20.735565905218674
            ],
            [
              70.9335708618164,
              20.72529087399425
            ],
            [
              71.2302017211914,
              20.797201434307
            ],
            [
              71.5268325805664,
              20.91013448169267
            ],
            [
              71.7905044555664,
              21.06399706324597
            ],
            [
              71.9772720336914,
              21.115249309963794
            ],
            [
              72.0981216430664,
              21.2279419050582
            ],
            [
              72.1915054321289,
              21.407048123461102
            ],
            [
              72.24918365478516,
              21.45818112714608
            ],
            [
              72.2739028930664,
              21.545066064266265
            ],
            [
              72.30960845947266,
              21.637005211106306
            ],
            [
              72.2629165649414,
              21.76970289940967
            ],
            [
              72.2684097290039,
              21.86404777782686
            ],
            [
              72.2574234008789,
              21.911196869310512
            ],
            [
              72.2079849243164,
              21.94304553343818
            ],
            [
              72.2848892211914,
              22.0958197178077
            ],
            [
              72.3617935180664,
              22.268764039074004
            ],
            [
              72.5156021118164,
              22.278930598411865
            ],
            [
              72.8891372680664,
              22.248428704383624
            ],
            [
              72.9001235961914,
              22.421184710331854
            ],
            [
              72.6474380493164,
              22.65457152009902
            ],
            [
              72.0212173461914,
              22.857194700969686
            ],
            [
              71.5378189086914,
              22.968509022673935
            ],
            [
              70.7138442993164,
              22.88756221517449
            ],
            [
              70.4941177368164,
              23.069624397708267
            ],
            [
              70.3512954711914,
              22.82682040054407
            ],
            [
              70.2084732055664,
              22.6038688428957
            ],
            [
              69.9338150024414,
              22.482106236077684
            ],
            [
              69.6921157836914,
              22.39071391683855
            ],
            [
              69.3295669555664,
              22.28909641872305
            ],
            [
              68.9889907836914,
              22.421184710331854
            ],
            [
              68.9560317993164,
              22.248428704383624
            ],
            [
              69.0933609008789,
              22.105998799750576
            ]
          ]
        ]
      },
      "properties": {}
    },
    {
      "type": "Feature",
      "geometry": {
        "type": "Polygon",
        "coordinates": [
          [
            [
              70.4831314086914,
              23.089838367476705
            ],
            [
              70.3622817993164,
              22.998851594142923
            ],
            [
              70.2194595336914,
              22.978623970384913
            ],
            [
              69.9448013305664,
              22.86731796007561
            ],
            [
              69.6811294555664,
              22.806567100271508
            ],
            [
              69.4284439086914,
              22.766051469126936
            ],
            [
              69.1318130493164,
              22.847070687839064
            ],
            [
              68.9011001586914,
              22.998851594142923
            ],
            [
              68.6813735961914,
              23.150462029224087
            ],
            [
              68.5495376586914,
              23.311990950585997
            ],
            [
              68.4836196899414,
              23.53377298325594
            ],
            [
              68.3737564086914,
              23.654587852202987
            ],
            [
              68.3188247680664,
              23.815500848699656
            ],
            [
              68.3407974243164,
              23.966175871265044
            ],
            [
              68.7472915649414,
              23.976214626638303
            ],
            [
              68.7582778930664,
              24.287026865376447
            ],
            [
              68.8681411743164,
              24.27701247166408
            ],
            [
              68.9780044555664,
              24.297040469311572
            ],
            [
              69.0768814086914,
              24.266997288418167
            ],
            [
              69.1977310180664,
              24.287026865376447
            ],
            [
              69.4064712524414,
              24.287026865376447
            ],
            [
              69.5822525024414,
              24.287026865376447
            ],
            [
              69.7360610961914,
              24.23694700391751
            ],
            [
              69.9448013305664,
              24.226928664976374
            ],
            [
              70.0326919555664,
              24.297040469311572
            ],
            [
              70.2524185180664,
              24.37712083961039
            ],
            [
              70.5380630493164,
              24.387127324604496
            ],
            [
              70.5600357055664,
              24.23694700391751
            ],
            [
              70.7248306274414,
              24.256981315882488
            ],
            [
              70.8786392211914,
              24.31706530687606
            ],
            [
              70.8237075805664,
              23.50355189742412
            ],
            [
              70.5929946899414,
              23.332168306311484
            ],
            [
              70.4831314086914,
              23.089838367476705
            ]
          ]
        ]
      },
      "properties": {}
    },
    {
      "type": "Feature",
      "geometry": {
        "type": "Polygon",
        "coordinates": [
          [
            [
              70.9115982055664,
              24.337086982410497
            ],
            [
              71.0324478149414,
              24.37712083961039
            ],
            [
              71.0324478149414,
              24.467150664739002
            ],
            [
              71.0214614868164,
              24.597080137096412
            ],
            [
              71.0873794555664,
              24.716895455859337
            ],
            [
              71.2851333618164,
              24.886436490787684
            ],
            [
              71.5378189086914,
              24.98605802116759
            ],
            [
              71.6806411743164,
              24.98605802116759
            ],
            [
              71.8124771118164,
              24.806681353851964
            ],
            [
              71.9552993774414,
              24.627044746156027
            ],
            [
              72.1091079711914,
              24.457150524185852
            ],
            [
              72.1530532836914,
              24.206889622398023
            ],
            [
              72.0981216430664,
              23.90592692731471
            ],
            [
              71.6806411743164,
              23.60426184707018
            ],
            [
              71.4609146118164,
              23.311990950585997
            ],
            [
              71.1532974243164,
              23.241346102386135
            ],
            [
              70.9445571899414,
              23.1201536216956
            ],
            [
              70.7797622680664,
              23.049407390110566
            ],
            [
              70.5929946899414,
              22.978623970384913
            ],
            [
              70.5051040649414,
              23.079731762449878
            ],
            [
              70.5380630493164,
              23.221154981846556
            ],
            [
              70.6039810180664,
              23.34225583513053
            ],
            [
              70.7028579711914,
              23.422928455065257
            ],
            [
              70.8237075805664,
              23.50355189742412
            ],
            [
              70.8566665649414,
              23.915970370510227
            ],
            [
              70.9115982055664,
              24.337086982410497
            ]
          ]
        ]
      },
      "properties": {}
    },
    {
      "type": "Feature",
      "geometry": {
        "type": "Polygon",
        "coordinates": [
          [
            [
              72.6584243774414,
              23.85569800975124
            ],
            [
              72.7792739868164,
              23.755181766112635
            ],
            [
              72.9330825805664,
              23.41284706430993
            ],
            [
              72.9880142211914,
              23.089838367476705
            ],
            [
              73.1088638305664,
              22.735656852206493
            ],
            [
              72.9880142211914,
              22.431340156360594
            ],
            [
              72.8342056274414,
              22.50240745949775
            ],
            [
              72.6584243774414,
              22.63429269379353
            ],
            [
              72.4057388305664,
              22.74578914242589
            ],
            [
              72.1969985961914,
              22.816694126899844
            ],
            [
              71.9443130493164,
              22.87744046489713
            ],
            [
              71.7355728149414,
              22.938159639316396
            ],
            [
              71.4938735961914,
              22.988738160960725
            ],
            [
              71.1972427368164,
              22.958393318086337
            ],
            [
              70.8676528930664,
              22.917922936146045
            ],
            [
              70.7028579711914,
              22.907803451058392
            ],
            [
              70.6039810180664,
              22.998851594142923
            ],
            [
              70.8127212524414,
              23.079731762449878
            ],
            [
              71.0654067993164,
              23.180763583129444
            ],
            [
              71.3180923461914,
              23.271627053918277
            ],
            [
              71.5048599243164,
              23.352342597581096
            ],
            [
              71.7795181274414,
              23.644524198573688
            ],
            [
              71.8674087524414,
              23.77529123645138
            ],
            [
              72.1310806274414,
              23.915970370510227
            ],
            [
              72.5705337524414,
              23.926013033021203
            ],
            [
              72.6584243774414,
              23.85569800975124
            ]
          ]
        ]
      },
      "properties": {}
    }
  ]
}